============================= 1542707336.096089 =============================
  live_ch(8) read(15694790) read_miss(148423229) read_bytes(49791626469)
  frames(3063697) i_frames(562288) p_frames(2501409) audio_frames(11986592)
  handoff_cnt(3298787) p_frame_dropped(12)
  systime_chg(0) ts_err(0) ts_compensaion(58265)
-----------------------------------------------------------------------------
  reconnect
    server_close[0,6,0,0,0,0,0,0,0,0,0,0,0,0,0,0]
    sock_corrupt[0,0,0,0,0,0,0,0,0,0,0,0,0,0,0,0]
    ring_full   [0,0,0,0,0,0,0,0,0,0,0,0,0,0,0,0]
    magic_no_A  [0,0,0,0,0,0,0,0,0,0,0,0,0,0,0,0]
    magic_no_B  [0,0,0,0,0,0,0,0,0,0,0,0,0,0,0,0]
    magic_no_C  [0,0,0,0,0,0,0,0,0,0,0,0,0,0,0,0]
    mem_alloc   [0,0,0,0,0,0,0,0,0,0,0,0,0,0,0,0]
    cmem_alloc  [0,0,0,0,0,0,0,0,0,0,0,0,0,0,0,0]
    vlen_fail   [0,0,0,0,0,0,0,0,0,0,0,0,0,0,0,0]
    systime_chg [0,0,0,0,0,0,0,0,0,0,0,0,0,0,0,0]
    ts_err      [0,0,0,0,0,0,0,0,0,0,0,0,0,0,0,0]
    audio_send  [0,0,0,0,0,0,0,0,0,0,0,0,0,0,0,0]
  reboot
    disconn     [6,1,2,0,1,1,0,0,2,0,0,0,0,0,0,0]
    cont_mem    [0,0,0,0,0,0,0,0,0,0,0,0,0,0,0,0]
    cont_cmem   [0,0,0,0,0,0,0,0,0,0,0,0,0,0,0,0]
  frame drop
    ssrc_1st    [0,0,0,0,0,0,0,0,0,0,0,0,0,0,0,0]
    ssrc_2nd    [0,0,0,0,0,0,0,0,0,0,0,0,0,0,0,0]
    seq_1st     [0,0,0,0,0,0,0,0,0,0,0,0,0,0,0,0]
    seq_2nd     [0,0,0,0,0,0,0,0,0,0,0,0,0,0,0,0]
-----------------------------------------------------------------------------
  timestamp
    157550(0.000) 157540(0.000) audio(0.000) ho(0.000) abuf(0)
    101231(335.199) 101229(336.012) audio(336.024) ho(335.072) abuf(0)
    212201(336.024) 212196(335.167) audio(336.016) ho(335.108) abuf(0)
    0(0.000) 0(0.000) audio(0.000) ho(0.000) abuf(0)
    258091(0.000) 252793(0.000) audio(0.000) ho(0.000) abuf(0)
    139781(0.000) 139778(0.000) audio(0.000) ho(0.000) abuf(0)
    0(0.000) 0(0.000) audio(0.000) ho(0.000) abuf(0)
    0(0.000) 0(0.000) audio(0.000) ho(0.000) abuf(0)
    8378(0.000) 8363(0.000) audio(0.000) ho(0.000) abuf(0)
    0(0.000) 0(0.000) audio(0.000) ho(0.000) abuf(0)
    0(0.000) 0(0.000) audio(0.000) ho(0.000) abuf(0)
    0(0.000) 0(0.000) audio(0.000) ho(0.000) abuf(0)
    0(0.000) 0(0.000) audio(0.000) ho(0.000) abuf(0)
    0(0.000) 0(0.000) audio(0.000) ho(0.000) abuf(0)
    0(0.000) 0(0.000) audio(0.000) ho(0.000) abuf(0)
    0(0.000) 0(0.000) audio(0.000) ho(0.000) abuf(0)
=============================================================================
