====== MRTPSRC LIVE INFO [1542854512.018530 ~ 1542854542.005952] ======
  Frame count
    total         [0]   0,0,59,210, 0,0,199,0
    i             [0]   0,0,30,30, 0,0,39,0
    p             [0]   0,0,29,180, 0,0,160,0
    total         [1]   0,0,60,210, 0,0,205,0
    i             [1]   0,0,30,30, 0,0,34,0
    p             [1]   0,0,30,180, 0,0,171,0
  Frame kbytes
    total         [0]   0,0,2706,7326, 0,0,7581,0
    i             [0]   0,0,1602,1575, 0,0,7425,0
    p             [0]   0,0,1104,5750, 0,0,155,0
    total         [1]   0,0,1095,2749, 0,0,1312,0
    i             [1]   0,0,680,728, 0,0,1261,0
    p             [1]   0,0,414,2021, 0,0,50,0
  Frame average bytes
    total         [0]   0,0,46968,35724, 0,0,39011,0
    i             [0]   0,0,54685,53780, 0,0,194966,0
    p             [0]   0,0,38985,32714, 0,0,997,0
    total         [1]   0,0,18689,13407, 0,0,6554,0
    i             [1]   0,0,23226,24860, 0,0,37992,0
    p             [1]   0,0,14151,11498, 0,0,303,0
  I-Frame max bytes
                  [0]   0,0,59162,59772, 0,0,212892,0
                  [1]   0,0,25527,28145, 0,0,38469,0
  P-Frame max bytes
                  [0]   0,0,43063,43235, 0,0,1746,0
                  [1]   0,0,16061,15491, 0,0,642,0
  Short interval
    min[0] (msec)       0,0,252,120, 0,0,92,0
    20 msec under [0]   0,0,0,0, 0,0,0,0
    10 msec under [0]   0,0,0,0, 0,0,0,0
    min[1] (msec)       0,0,260,108, 0,0,1,0
    20 msec under [1]   0,0,0,0, 0,0,1,0
    10 msec under [1]   0,0,0,0, 0,0,1,0
  Long interval
    max[0] (msec)       0,0,740,180, 0,0,440,0
    40 msec over  [0]   0,0,58,209, 0,0,198,0
    70 msec over  [0]   0,0,58,209, 0,0,198,0
    100 msec over [0]   0,0,58,209, 0,0,188,0
    130 msec over [0]   0,0,58,144, 0,0,136,0
    max[1] (msec)       0,0,740,191, 0,0,540,0
    40 msec over  [1]   0,0,59,209, 0,0,203,0
    70 msec over  [1]   0,0,59,209, 0,0,203,0
    100 msec over [1]   0,0,59,209, 0,0,197,0
    130 msec over [1]   0,0,59,145, 0,0,140,0
=======================================================================
